100	0.1	0.000194	0.00562
100	0.1	0.000388	0.00573
100	0.1	0.000581	0.00584
100	0.1	0.000775	0.00595
100	0.1	0.000969	0.00606
100	0.1	0.00116	0.00617
100	0.1	0.00136	0.00628
100	0.1	0.00155	0.00639
100	0.1	0.00174	0.0065
100	0.1	0.00194	0.00661
100	0.1	0.00213	0.00672
100	0.1	0.00233	0.00683
100	0.1	0.00252	0.00694
100	0.1	0.00271	0.00705
100	0.1	0.0029	0.00716
100	0.1	0.0031	0.00727
100	0.1	0.0033	0.00738
100	0.1	0.00349	0.00749
100	0.1	0.00368	0.0076
100	0.1	0.00388	0.00771
100	0.1	0.00407	0.00782
100	0.1	0.00427	0.00793
100	0.1	0.00446	0.00804
100	0.1	0.00465	0.00815
100	0.1	0.00484	0.00826
100	0.1	0.00503	0.00837
100	0.1	0.00523	0.00848
100	0.1	0.00543	0.00859
100	0.1	0.00562	0.0087
100	0.1	0.00582	0.00881
100	0.1	0.006	0.00892
100	0.1	0.0062	0.00903
100	0.1	0.00639	0.00914
100	0.1	0.00658	0.00925
100	0.1	0.00678	0.00936
100	0.1	0.00697	0.00947
100	0.1	0.00717	0.00958
100	0.1	0.00736	0.00969
100	0.1	0.00755	0.0098
100	0.1	0.00775	0.00991
100	0.1	0.00794	0.01002
100	0.1	0.00813	0.01013
100	0.1	0.00833	0.01024
100	0.1	0.00852	0.01035
100	0.1	0.00833	0.01046
100	0.1	0.00891	0.01057
100	0.1	0.0091	0.01068
100	0.1	0.0093	0.01079
100	0.1	0.00949	0.0109
100	0.1	0.00968	0.01101
100	0.1	0.00988	0.01112
100	0.1	0.01007	0.01123
100	0.1	0.010269	0.01134
100	0.1	0.0104	0.01145
100	0.1	0.0106	0.01156
100	0.1	0.01085	0.01167
100	0.1	0.01104	0.01178
100	0.1	0.01123	0.01189
100	0.1	0.01143	0.012
200	0.1	0.000968	0.0054
200	0.1	0.00194	0.0056
200	0.1	0.002906	0.0058
200	0.1	0.0038	0.006
200	0.1	0.004844	0.0062
200	0.1	0.00581	0.0064
200	0.1	0.00678	0.0066
200	0.1	0.00775	0.0068
200	0.1	0.00872	0.007
200	0.1	0.00968	0.0072
200	0.1	0.01065	0.0074
200	0.1	0.01068	0.0076
200	0.1	0.0126	0.0078
200	0.1	0.0135	0.008
200	0.1	0.0145	0.0082
200	0.1	0.0155	0.0084
200	0.1	0.0164	0.0086
200	0.1	0.0174	0.0088
200	0.1	0.0184	0.009
200	0.1	0.0193	0.0092
200	0.1	0.0203	0.0094
200	0.1	0.0213	0.0096
200	0.1	0.0222	0.0098
200	0.1	0.0233	0.01
200	0.1	0.0242	0.0102
200	0.1	0.0251	0.0104
200	0.1	0.0261	0.0106
200	0.1	0.0271	0.0108
200	0.1	0.028	0.011
200	0.1	0.029	0.0112
200	0.1	0.03003	0.0114
200	0.1	0.031	0.0116
200	0.1	0.0319	0.0118
200	0.1	0.0329	0.012
200	0.1	0.0339	0.0122
200	0.1	0.0348	0.0124
200	0.1	0.0358	0.0126
200	0.1	0.0368	0.0128
200	0.1	0.0377	0.013
200	0.1	0.0387	0.0132
200	0.1	0.0397	0.0134
200	0.1	0.0406	0.0136
200	0.1	0.0416	0.0138
200	0.1	0.0426	0.014
200	0.1	0.0435	0.0142
200	0.1	0.0445	0.0144
200	0.1	0.0455	0.0146
200	0.1	0.0465	0.0148
200	0.1	0.0474	0.015
200	0.1	0.0484	0.0152
200	0.1	0.0494	0.0154
200	0.1	0.0503	0.0156
200	0.1	0.0513	0.0158
200	0.1	0.0523	0.016
200	0.1	0.0532	0.0162
200	0.1	0.0542	0.0164
200	0.1	0.0552	0.0166
200	0.1	0.0562	0.0168
200	0.1	0.0571	0.017
300	0.1	0.0006459	0.0114
300	0.1	0.00129	0.0115
300	0.1	0.00193	0.0116
300	0.1	0.00258	0.0117
300	0.1	0.00322	0.0118
300	0.1	0.00387	0.0119
300	0.1	0.00452	0.012
300	0.1	0.00516	0.0121
300	0.1	0.00581	0.0122
300	0.1	0.00645	0.0123
300	0.1	0.0071	0.0124
300	0.1	0.0075	0.0125
300	0.1	0.0084	0.0126
300	0.1	0.00904	0.0127
300	0.1	0.00968	0.0128
300	0.1	0.01033	0.0129
300	0.1	0.0109	0.013
300	0.1	0.0116	0.0131
300	0.1	0.0122	0.0132
300	0.1	0.0129	0.0133
300	0.1	0.0135	0.0134
300	0.1	0.0142	0.0135
300	0.1	0.0148	0.0136
300	0.1	0.0155	0.0137
300	0.1	0.0161	0.0138
300	0.1	0.01679	0.0139
300	0.1	0.0174	0.014
300	0.1	0.018	0.0141
300	0.1	0.0187	0.0142
300	0.1	0.0193	0.0143
300	0.1	0.02	0.0144
300	0.1	0.0206	0.0145
300	0.1	0.0213	0.0146
300	0.1	0.0219	0.0147
300	0.1	0.026	0.0148
300	0.1	0.0233	0.0149
300	0.1	0.0238	0.015
300	0.1	0.0245	0.0151
300	0.1	0.0251	0.0152
300	0.1	0.0258	0.0153
300	0.1	0.0264	0.0154
300	0.1	0.0271	0.0155
300	0.1	0.0277	0.0156
300	0.1	0.0284	0.0157
300	0.1	0.029	0.0158
300	0.1	0.0297	0.0159
300	0.1	0.03035	0.016
300	0.1	0.031	0.0161
300	0.1	0.0316	0.0162
300	0.1	0.0322	0.0163
300	0.1	0.0329	0.0164
300	0.1	0.0335	0.0165
300	0.1	0.03423	0.0166
300	0.1	0.0348	0.0167
300	0.1	0.0355	0.0168
300	0.1	0.0361	0.0169
300	0.1	0.0368	0.017
300	0.1	0.0374	0.0171
300	0.1	0.0381	0.0172
300	0.1	0.0387	0.0173
300	0.1	0.0393	0.0174
300	0.1	0.04	0.0175
300	0.1	0.0406	0.0176
300	0.1	0.04133	0.0177
300	0.1	0.04198	0.0178
300	0.1	0.04262	0.0179
300	0.1	0.0432	0.018
100	0.2	0.000193	0.00562
100	0.2	0.000387	0.00573
100	0.2	0.000581	0.00584
100	0.2	0.000775	0.00595
100	0.2	0.000968	0.00606
100	0.2	0.001162	0.00617
100	0.2	0.00135	0.00628
100	0.2	0.00155	0.00639
100	0.2	0.00174	0.0065
100	0.2	0.00193	0.00661
100	0.2	0.00213	0.00672
100	0.2	0.00232	0.00683
100	0.2	0.00251	0.00694
100	0.2	0.00271	0.00705
100	0.2	0.0029	0.00716
100	0.2	0.0031	0.00727
100	0.2	0.00329	0.00738
100	0.2	0.00348	0.00749
100	0.2	0.00368	0.0076
100	0.2	0.00387	0.00771
100	0.2	0.00406	0.00782
100	0.2	0.00426	0.00793
100	0.2	0.00445	0.00804
100	0.2	0.00465	0.00815
100	0.2	0.00484	0.00826
100	0.2	0.00503	0.00837
100	0.2	0.00523	0.00848
100	0.2	0.00542	0.00859
100	0.2	0.00561	0.0087
100	0.2	0.00581	0.00881
100	0.2	0.006	0.00892
100	0.2	0.0062	0.00903
100	0.2	0.0063	0.00914
100	0.2	0.00658	0.00925
100	0.2	0.00678	0.00936
100	0.2	0.0069	0.00947
100	0.2	0.00716	0.00958
100	0.2	0.00736	0.00969
100	0.2	0.00755	0.0098
100	0.2	0.00775	0.00991
100	0.2	0.00794	0.01002
100	0.2	0.00813	0.01013
100	0.2	0.00833	0.01024
100	0.2	0.00852	0.01035
100	0.2	0.00871	0.01046
100	0.2	0.00891	0.01057
100	0.2	0.0091	0.01068
100	0.2	0.0093	0.01079
100	0.2	0.0094	0.0109
100	0.2	0.0096	0.01101
100	0.2	0.00988	0.01112
100	0.2	0.010075	0.01123
100	0.2	0.010268813	0.01134
100	0.2	0.0104	0.01145
100	0.2	0.0106	0.01156
100	0.2	0.0108	0.01167
100	0.2	0.01104	0.01178
100	0.2	0.01123	0.01189
100	0.2	0.01143	0.012
100	0.2	0.01162	0.01209
100	0.2	0.01181	0.01213
200	0.2	0.0009688	0.01562
200	0.2	0.00193	0.01573
200	0.2	0.0029	0.01584
200	0.2	0.00387	0.01595
200	0.2	0.00484	0.01606
200	0.2	0.00581	0.01617
200	0.2	0.00678	0.01628
200	0.2	0.00775	0.01639
200	0.2	0.00871	0.0165
200	0.2	0.00968	0.01661
200	0.2	0.01065	0.01672
200	0.2	0.0116	0.01683
200	0.2	0.0125	0.01694
200	0.2	0.0135	0.01705
200	0.2	0.0145	0.01716
200	0.2	0.0155	0.01727
200	0.2	0.0164	0.01738
200	0.2	0.0174	0.01749
200	0.2	0.0184	0.0176
200	0.2	0.0193	0.01771
200	0.2	0.0203	0.01782
200	0.2	0.0213	0.01793
200	0.2	0.022	0.01804
200	0.2	0.0232	0.01815
200	0.2	0.0242	0.01826
200	0.2	0.0251	0.01837
200	0.2	0.0261	0.01848
200	0.2	0.0271	0.01859
200	0.2	0.028	0.0187
200	0.2	0.029	0.01881
200	0.2	0.03003	0.01892
200	0.2	0.031	0.01903
200	0.2	0.03196	0.01914
200	0.2	0.0329	0.01925
200	0.2	0.0339	0.01936
200	0.2	0.0348	0.01947
200	0.2	0.0358	0.01958
200	0.2	0.0368	0.01969
200	0.2	0.03778	0.0198
200	0.2	0.03875	0.01991
200	0.2	0.0397	0.02002
200	0.2	0.0406	0.02013
200	0.2	0.0416	0.02024
200	0.2	0.0426	0.02035
200	0.2	0.0435	0.02046
200	0.2	0.0445	0.02057
200	0.2	0.04553	0.02068
200	0.2	0.0465	0.02079
200	0.2	0.0474	0.0209
200	0.2	0.0484	0.02101
200	0.2	0.0494	0.02112
200	0.2	0.0503	0.02123
200	0.2	0.0513	0.02134
200	0.2	0.0523	0.02145
200	0.2	0.05328	0.02156
200	0.2	0.05425	0.02167
200	0.2	0.0552	0.02178
200	0.2	0.05618	0.02189
200	0.2	0.0571	0.022
200	0.2	0.05812	0.02211
200	0.2	0.05909	0.02222
200	0.2	0.06006	0.02233
200	0.2	0.06103	0.02244
200	0.2	0.062	0.02255
200	0.2	0.062969	0.02266
200	0.2	0.06393	0.02277
100	0.3	0.000969	0.00692
100	0.3	0.00193	0.00703
100	0.3	0.0029	0.00714
100	0.3	0.003875	0.00725
100	0.3	0.00484	0.00736
100	0.3	0.00581	0.00747
100	0.3	0.00678	0.00758
100	0.3	0.00775	0.00769
100	0.3	0.00871	0.0078
100	0.3	0.00968	0.00791
100	0.3	0.0106	0.00802
100	0.3	0.0116	0.00813
100	0.3	0.0125	0.00824
100	0.3	0.0135	0.00835
100	0.3	0.0145	0.00846
100	0.3	0.0155	0.00857
100	0.3	0.0164	0.00868
100	0.3	0.0174	0.00879
100	0.3	0.0184	0.0089
100	0.3	0.0193	0.00901
100	0.3	0.0203	0.00912
100	0.3	0.0213	0.00923
100	0.3	0.0228	0.00934
100	0.3	0.02324	0.00945
100	0.3	0.02421	0.00956
100	0.3	0.02518	0.00967
100	0.3	0.02615	0.00978
100	0.3	0.02712	0.00989
100	0.3	0.2809	0.01
200	0.3	0.0009688	0.0134
200	0.3	0.001937	0.0136
200	0.3	0.0029	0.0138
200	0.3	0.00387	0.014
200	0.3	0.00484	0.0142
200	0.3	0.00581	0.0144
200	0.3	0.00678	0.0146
200	0.3	0.00775	0.0148
200	0.3	0.00871	0.015
200	0.3	0.00968	0.0152
200	0.3	0.010656	0.0154
200	0.3	0.0116	0.0156
200	0.3	0.0125	0.0158
200	0.3	0.0135	0.016
200	0.3	0.0145	0.0162
200	0.3	0.0155	0.0164
200	0.3	0.0164	0.0166
200	0.3	0.0174	0.0168
200	0.3	0.0184	0.017
200	0.3	0.0193	0.0172
200	0.3	0.0203	0.0174
200	0.3	0.0213	0.0176
200	0.3	0.0228	0.0178
200	0.3	0.02324	0.018
200	0.3	0.0242	0.0182
200	0.3	0.0251	0.0184
200	0.3	0.0261	0.0186
200	0.3	0.0271	0.0188
200	0.3	0.02809	0.019
200	0.3	0.02906	0.0192
200	0.3	0.03	0.0194
200	0.3	0.0309	0.0196
200	0.3	0.03196	0.0198
200	0.3	0.03293	0.02
200	0.3	0.033906	0.0202
200	0.3	0.03487	0.0204
200	0.3	0.03584	0.0206
200	0.3	0.03681	0.0208
200	0.3	0.03778	0.021
200	0.3	0.038749	0.0212
200	0.3	0.03971	0.0214
200	0.3	0.04068	0.0216
200	0.3	0.04165	0.0218
200	0.3	0.0426	0.022
200	0.3	0.0435	0.0222
200	0.3	0.04456	0.0224
200	0.3	0.04553	0.0226
200	0.3	0.04649	0.0228
200	0.3	0.04746	0.023
200	0.3	0.04843	0.0232
200	0.3	0.0494	0.0234
200	0.3	0.0503	0.0236
200	0.3	0.0513	0.0238
200	0.3	0.0523	0.024
200	0.3	0.0542	0.0242
200	0.3	0.05521	0.0244
200	0.3	0.05618	0.0246
200	0.3	0.05715	0.0248
200	0.3	0.05812	0.025
200	0.3	0.05909	0.0252
200	0.3	0.06	0.0254
200	0.3	0.06103	0.0256
200	0.3	0.0619	0.0258
200	0.3	0.0629	0.026
200	0.3	0.0639	0.0262
200	0.3	0.0649	0.0264
